function TU_info = getTU_info

% Data format:
% Column 1 & 2 (TUs coordinate): x,y in range(0, 1) 
% Column 3 (Service demand): d(demand) in range(0, 10) 
% Column 4 (Service status): s = 0(unserved), s = 1(served)

TU_info = [
     0.5000    0.7000    5.89    0
     0.3000    0.2000    2.50    0
     0.8000    0.7000    1.32    0
     0.7500    0.8000    7.20    0
     0.4350    0.2750    3.64    0
     0.9250    0.3000    5.43    0
     0.5550    0.4550    4.00    0
     0.3950    0.6320    6.54    0  
     0.6000    0.6000    4.00    0
     0.8760    0.9870    3.21    0
     
     0.6500    0.3500    5.00    0  
     0.8031	   0.3305    7.21    0
     0.3824	   0.8724	 1.90    0
     0.3806	   0.8444	 1.40    0
     0.1505	   0.2790	 4.08    0
     0.9074	   0.3794	 6.10    0
     0.0821	   0.0471	 1.70    0
     0.1033	   0.2989	 5.15    0
     0.3616	   0.7565	 5.35    0
     0.1007	   0.9740	 4.33    0
     
     0.8352	   0.0824	 2.69    0
     0.8387	   0.8605	 3.58    0
     0.9571	   0.1547	 2.24    0
     0.4744	   0.9247	 5.15    0
     0.1458	   0.1724	 3.29    0
     0.3045	   0.0393	 7.69    0
     0.9953	   0.0837	 2.03    0
     0.3438	   0.9119	 4.89    0
     0.7947	   0.7216	 6.27    0
     0.8543	   0.5095	 1.36    0
     ];

end